Total number of prepositions: 5975

Total accuracy: 50%

Count per preposition (reference)
of: 1594
in: 911
to: 1408
for: 419
with: 441
on: 234
at: 364
from: 286
by: 213
about: 105

Count per preposition (predicted)
of: 2255
in: 827
to: 1696
for: 282
with: 342
on: 80
at: 215
from: 153
by: 80
about: 45

Predicted  about   at  by  for  from   in    of  on    to  with   All
Reference                                                            
about         14    6   1    9     1   12    31   2    25     4   105
at             2   75   8   16     6   69    77  15    70    26   364
by             3    5  35   14     4   36    42   4    55    15   213
for            4   15   6   89     8   44    99   4   128    22   419
from           2    8   4    8    48   41    81   3    80    11   286
in             8   33   5   43    30  321   205  21   192    53   911
of             1   14   1   23    12   71  1348   2   101    21  1594
on             3   10   2   11    11   47    63  15    53    19   234
to             7   32  10   58    25  111   220   5   904    36  1408
with           1   17   8   11     8   75    89   9    88   135   441
All           45  215  80  282   153  827  2255  80  1696   342  5975